local teleportPositions = {
    CFrame.new(Vector3.new(-619.103149, 28.5392971, -328.610596, 0.939700544, 0, 0.341998369, 0, 1, 0, -0.341998369, 0, 0.939700544)),
    CFrame.new(Vector3.new(-327.355408, 72.5644684, -502.023621, 0.939700544, 0, 0.341998369, 0, 1, 0, -0.341998369, 0, 0.939700544)),
    CFrame.new(Vector3.new(-348.040161, 27.7892056, -189.288483, 0.939700544, 0, 0.341998369, 0, 1, 0, -0.341998369, 0, 0.939700544)),
    CFrame.new(Vector3.new(-251.587616, 28.6489124, -830.322205, 0.939700544, 0, 0.341998369, 0, 1, 0, -0.341998369, 0, 0.939700544)),
    CFrame.new(Vector3.new(-620.402466, 27.7892056, -657.925171, 0.939700544, 0, 0.341998369, 0, 1, 0, -0.341998369, 0, 0.939700544)),
    CFrame.new(Vector3.new(-605.605286, 28.7816849, -749.489441, 0.939700544, 0, 0.341998369, 0, 1, 0, -0.341998369, 0, 0.939700544)),
    CFrame.new(Vector3.new(-339.454865, 28.3270035, -940.36792, 0.939700544, 0, 0.341998369, 0, 1, 0, -0.341998369, 0, 0.939700544)),
    CFrame.new(Vector3.new(-604.285889, 37.4842911, -567.613953, 0.939700544, 0, 0.341998369, 0, 1, 0, -0.341998369, 0, 0.939700544)),
    CFrame.new(Vector3.new(-596.070496, 32.9834671, -304.763214, 0.939700544, 0, 0.341998369, 0, 1, 0, -0.341998369, 0, 0.939700544)),
    CFrame.new(Vector3.new(-509.898834, 27.7892056, -192.299866, 0.939700544, 0, 0.341998369, 0, 1, 0, -0.341998369, 0, 0.939700544))
    CFrame.new(Vector3.new(-454.097687, 35.5806618, -750.932495, 0.937583923, -0, -0.347759128, 0, 1, -0, 0.347759128, 0, 0.937583923))
    
}

for i, teleportPosition in ipairs(teleportPositions) do
    game.Players.LocalPlayer.Character:PivotTo(teleportPosition)
    wait(5)
end

